1652429449.5380929 0
1652429449.584927 1
1652429449.6328223 2
1652429449.6807067 3
1652429449.728572 4
1652429449.7764425 5
1652429449.8242862 6
1652429449.8721569 7
1652429449.9360244 8
1652429449.984856 9
1652429450.032758 10
1652429450.080599 11
1652429450.1284719 12
1652429450.1763434 13
1652429450.2242289 14
1652429450.2880502 15
1652429450.336917 16
1652429450.384786 17
1652429450.432658 18
1652429450.48053 19
1652429450.5284016 20
1652429450.5762734 21
1652429450.6401026 22
1652429450.6889727 23
1652429450.7368448 24
1652429450.7847166 25
1652429450.8325877 26
1652429450.8804598 27
1652429450.9283316 28
1652429450.9921608 29
1652429451.0400329 30
1652429451.0879047 31
1652429451.1367755 32
1652429451.1846468 33
1652429451.2325473 34
1652429451.2804198 35
1652429451.3442204 36
1652429451.3920906 37
1652429451.4399872 38
1652429451.4888325 39
1652429451.536704 40
1652429451.5845766 41
1652429451.632472 42
1652429451.696314 43
1652429451.7441478 44
1652429451.792021 45
1652429451.8398926 46
1652429451.8887625 47
1652429451.936634 48
1652429451.9845061 49
1652429452.0323765 50
1652429452.0962057 51
1652429452.1440794 52
1652429452.1919756 53
1652429452.2398226 54
1652429452.2887166 55
1652429452.3365986 56
1652429452.3844652 57
1652429452.4482949 58
1652429452.4961748 59
1652429452.5440097 60
1652429452.5928824 61
1652429452.640751 62
1652429452.6886585 63
1652429452.736519 64
1652429452.8003623 65
1652429452.8482244 66
1652429452.896128 67
1652429452.9449384 68
1652429452.9928088 69
1652429453.0407214 70
1652429453.0885818 71
1652429453.1524065 72
1652429453.2002525 73
1652429453.248124 74
1652429453.2959971 75
1652429453.3448668 76
1652429453.3927386 77
1652429453.440611 78
1652429453.5044396 79
1652429453.55231 80
1652429453.6011796 81
1652429453.6490517 82
1652429453.696923 83
1652429453.7448106 84
1652429453.7926683 85
1652429453.8564978 86
1652429453.9043694 87
1652429453.952242 88
1652429454.0011125 89
1652429454.0489829 90
1652429454.096858 91
1652429454.1447253 92
1652429454.192597 93
1652429454.2564266 94
1652429454.3042982 95
1652429454.3521702 96
1652429454.4010425 97
1652429454.4489133 98
1652429454.4967973 99
1652429454.5446568 100
1652429454.6084867 101
1652429454.656358 102
1652429454.7042294 103
1652429454.7521014 104
1652429454.7999735 105
1652429454.848843 106
1652429454.8967147 107
1652429454.9605768 108
1652429455.008445 109
1652429455.0563126 110
1652429455.1041605 111
1652429455.152032 112
1652429455.2009158 113
1652429455.2488065 114
1652429455.312602 115
1652429455.360473 116
1652429455.4083803 117
1652429455.456248 118
1652429455.5050905 119
1652429455.5519855 120
1652429455.600831 121
1652429455.6646597 122
1652429455.7125614 123
1652429455.760433 124
1652429455.8083048 125
1652429455.8561475 126
1652429455.9040205 127
1652429455.9519217 128
1652429456.0007784 129
1652429456.0646265 130
1652429456.112491 131
1652429456.1603634 132
1652429456.2082305 133
1652429456.2561123 134
1652429456.3049574 135
1652429456.3528297 136
1652429456.4166825 137
1652429456.4645197 138
1652429456.5124214 139
1652429456.560266 140
1652429456.60816 141
1652429456.656045 142
1652429456.7048774 143
1652429456.7687092 144
1652429456.8166144 145
1652429456.86445 146
1652429456.9123223 147
1652429456.960194 148
1652429457.0080657 149
1652429457.0569353 150
1652429457.1207647 151
1652429457.1686363 152
1652429457.2165086 153
1652429457.2653792 154
1652429457.3122525 155
1652429457.360124 156
1652429457.407996 157
1652429457.4728227 158
1652429457.5206943 159
1652429457.5686018 160
1652429457.6164684 161
1652429457.6643403 162
1652429457.712212 163
1652429457.7600944 164
1652429457.8248804 165
1652429457.8727531 166
1652429457.9206483 167
1652429457.9685209 168
1652429458.0163922 169
1652429458.0642405 170
1652429458.1121109 171
1652429458.159983 172
1652429458.2238119 173
1652429458.2726812 174
1652429458.3205533 175
1652429458.3684254 176
1652429458.4163234 177
1652429458.4641798 178
1652429458.512097 179
1652429458.5758717 180
1652429458.6247408 181
1652429458.6726127 182
1652429458.720485 183
1652429458.7683563 184
1652429458.8162296 185
1652429458.864144 186
1652429458.928927 187
1652429458.9767995 188
1652429459.0247245 189
1652429459.0725708 190
1652429459.1204386 191
1652429459.168323 192
1652429459.2161875 193
1652429459.2819824 194
1652429459.3288572 195
1652429459.376729 196
1652429459.4246345 197
1652429459.472504 198
1652429459.5203683 199
1652429459.5682487 200
1652429459.632045 201
1652429459.6809154 202
1652429459.728792 203
1652429459.776692 204
1652429459.8245604 205
1652429459.8724322 206
1652429459.9202745 207
1652429459.968146 208
1652429460.0319757 209
1652429460.0808582 210
1652429460.1287155 211
1652429460.1766133 212
1652429460.2244613 213
1652429460.2723632 214
1652429460.3202035 215
1652429460.3840337 216
1652429460.4319406 217
1652429460.4808047 218
1652429460.5286465 219
1652429460.576549 220
1652429460.6243901 221
1652429460.6722984 222
1652429460.7371023 223
1652429460.7839992 224
1652429460.8328333 225
1652429460.880735 226
1652429460.928607 227
1652429460.976479 228
1652429461.0243454 229
1652429461.08815 230
1652429461.136022 231
1652429461.1848915 232
1652429461.2327757 233
1652429461.2806354 234
1652429461.3285084 235
1652429461.3763783 236
1652429461.4402065 237
1652429461.4880786 238
1652429461.5359507 239
1652429461.5848198 240
1652429461.6326916 241
1652429461.6805646 242
1652429461.7284358 243
1652429461.7922647 244
1652429461.8411353 245
1652429461.8880086 246
1652429461.9368777 247
1652429461.9847498 248
1652429462.0326219 249
1652429462.0804942 250
1652429462.128366 251
1652429462.1921947 252
1652429462.2400668 253
1652429462.2879388 254
1652429462.3368082 255
1652429462.3847113 256
1652429462.4325824 257
1652429462.4804237 258
1652429462.5442529 259
1652429462.592125 260
1652429462.6399968 261
1652429462.6878698 262
1652429462.7367396 263
1652429462.7846107 264
1652429462.8324833 265
1652429462.8963125 266
1652429462.9451826 267
1652429462.9920564 268
1652429463.0409257 269
1652429463.0887978 270
1652429463.1366694 271
1652429463.1845655 272
1652429463.2484002 273
1652429463.2962716 274
1652429463.3441138 275
1652429463.392033 276
1652429463.4408557 277
1652429463.4887278 278
1652429463.5366294 279
1652429463.6004524 280
1652429463.6483002 281
1652429463.6961722 282
1652429463.7440443 283
1652429463.792914 284
1652429463.8397896 285
1652429463.8886576 286
1652429463.9365294 287
1652429464.000359 288
1652429464.0482295 289
1652429464.0961013 290
1652429464.143973 291
1652429464.1928425 292
1652429464.2407143 293
1652429464.2886121 294
1652429464.352447 295
1652429464.4003186 296
1652429464.448161 297
1652429464.497041 298
1652429464.5449014 299
1652429464.5927744 300
1652429464.640677 301
1652429464.7045045 302
1652429464.7523706 303
1652429464.800248 304
1652429464.8481202 305
1652429464.895962 306
1652429464.9448707 307
1652429464.9927404 308
1652429465.0565665 309
1652429465.1044292 310
1652429465.152301 311
1652429465.2001781 312
1652429465.2480557 313
1652429465.29689 314
1652429465.3447628 315
1652429465.408617 316
1652429465.456493 317
1652429465.5043664 318
1652429465.5522308 319
1652429465.6000783 320
1652429465.6479769 321
1652429465.696857 322
1652429465.7607033 323
1652429465.8085587 324
1652429465.8564227 325
1652429465.9042635 326
1652429465.9521353 327
1652429466.0000074 328
1652429466.0488768 329
1652429466.0967486 330
1652429466.1605778 331
1652429466.208475 332
1652429466.2563505 333
1652429466.3042243 334
1652429466.352102 335
1652429466.4009366 336
1652429466.4488077 337
1652429466.512697 338
1652429466.560538 339
1652429466.6084104 340
1652429466.6562808 341
1652429466.7041247 342
1652429466.7520323 343
1652429466.8008668 344
1652429466.8647192 345
1652429466.912568 346
1652429466.960441 347
1652429467.0083108 348
1652429467.0561829 349
1652429467.1040547 350
1652429467.1519516 351
1652429467.2167883 352
1652429467.264665 353
1652429467.3124976 354
1652429467.3604088 355
1652429467.4082408 356
1652429467.4561422 357
1652429467.5039833 358
1652429467.5688112 359
1652429467.616708 360
1652429467.6645906 361
1652429467.7124624 362
1652429467.7602994 363
1652429467.8081715 364
1652429467.8560436 365
1652429467.9049137 366
1652429467.968742 367
1652429468.0166137 368
1652429468.0644853 369
1652429468.1123922 370
1652429468.160259 371
1652429468.2081008 372
1652429468.2559788 373
1652429468.3208005 374
1652429468.3686714 375
1652429468.4165442 376
1652429468.464416 377
1652429468.5122879 378
1652429468.5601597 379
1652429468.6080315 380
1652429468.6728575 381
1652429468.7207596 382
1652429468.768638 383
1652429468.8165042 384
1652429468.8643694 385
1652429468.9122477 386
1652429468.960119 387
1652429469.0249186 388
1652429469.0728228 389
1652429469.1206598 390
1652429469.1685615 391
1652429469.2164023 392
1652429469.2642741 393
1652429469.312172 394
1652429469.3759768 395
1652429469.424847 396
1652429469.472719 397
1652429469.5205898 398
1652429469.5684898 399
1652429469.616361 400
