1652429563.536756 0
1652429563.5587273 1
1652429563.6025746 2
1652429563.6664028 3
1652429563.7142746 4
1652429563.7621465 5
1652429563.8100183 6
1652429563.8579025 7
1652429563.905761 8
1652429563.954631 9
1652429564.0184608 10
1652429564.0663326 11
1652429564.1142046 12
1652429564.1620765 13
1652429564.2099483 14
1652429564.2588172 15
1652429564.3066897 16
1652429564.3705513 17
1652429564.4183908 18
1652429564.4662626 19
1652429564.5141342 20
1652429564.5630052 21
1652429564.6098785 22
1652429564.6587486 23
1652429564.7225773 24
1652429564.770449 25
1652429564.8183208 26
1652429564.8661916 27
1652429564.9140646 28
1652429564.9619365 29
1652429565.0098073 30
1652429565.0746353 31
1652429565.1225076 32
1652429565.170379 33
1652429565.2182505 34
1652429565.2661226 35
1652429565.3139946 36
1652429565.3618686 37
1652429565.426693 38
1652429565.4745638 39
1652429565.522503 40
1652429565.570378 41
1652429565.618243 42
1652429565.6661155 43
1652429565.7139606 44
1652429565.7628672 45
1652429565.8256621 46
1652429565.8745558 47
1652429565.9224029 48
1652429565.9703119 49
1652429566.0181763 50
1652429566.0670161 51
1652429566.1138911 52
1652429566.1787164 53
1652429566.2266192 54
1652429566.27446 55
1652429566.3223338 56
1652429566.3702314 57
1652429566.41811 58
1652429566.4659488 59
1652429566.529807 60
1652429566.5786474 61
1652429566.6265519 62
1652429566.674421 63
1652429566.7222939 64
1652429566.770159 65
1652429566.818007 66
1652429566.8818367 67
1652429566.9307048 68
1652429566.9785764 69
1652429567.026479 70
1652429567.074355 71
1652429567.1222248 72
1652429567.1700962 73
1652429567.2338943 74
1652429567.2827635 75
1652429567.3306656 76
1652429567.3785386 77
1652429567.426379 78
1652429567.474279 79
1652429567.5221474 80
1652429567.569995 81
1652429567.633825 82
1652429567.682731 83
1652429567.7305994 84
1652429567.7784667 85
1652429567.8263392 86
1652429567.8742065 87
1652429567.9220817 88
1652429567.9858823 89
1652429568.0337539 90
1652429568.0826595 91
1652429568.130525 92
1652429568.1783674 93
1652429568.2262383 94
1652429568.2741103 95
1652429568.3379397 96
1652429568.385813 97
1652429568.4346812 98
1652429568.4825838 99
1652429568.5304263 100
1652429568.5782976 101
1652429568.6261697 102
1652429568.689999 103
1652429568.7378707 104
1652429568.7867403 105
1652429568.834612 106
1652429568.8824837 107
1652429568.9303558 108
1652429568.9782262 109
1652429569.0420907 110
1652429569.0899277 111
1652429569.1388 112
1652429569.1866758 113
1652429569.234572 114
1652429569.2824433 115
1652429569.3303206 116
1652429569.3941393 117
1652429569.4420116 118
1652429569.4898593 119
1652429569.5377703 120
1652429569.5866003 121
1652429569.6344965 122
1652429569.682382 123
1652429569.730249 124
1652429569.7950435 125
1652429569.8419166 126
1652429569.8907855 127
1652429569.9386573 128
1652429569.9865594 129
1652429570.0344262 130
1652429570.0823002 131
1652429570.1461017 132
1652429570.1939735 133
1652429570.2418456 134
1652429570.2897174 135
1652429570.3385866 136
1652429570.3864586 137
1652429570.4343307 138
1652429570.498161 139
1652429570.5460327 140
1652429570.5939052 141
1652429570.6427734 142
1652429570.6906486 143
1652429570.7385185 144
1652429570.78639 145
1652429570.8502197 146
1652429570.898093 147
1652429570.9469597 148
1652429570.9938338 149
1652429571.0417676 150
1652429571.0905771 151
1652429571.1384726 152
1652429571.2022772 153
1652429571.2501793 154
1652429571.298025 155
1652429571.3468978 156
1652429571.3947628 157
1652429571.4426346 158
1652429571.4905064 159
1652429571.5384026 160
1652429571.6022408 161
1652429571.6501122 162
1652429571.697951 163
1652429571.7468226 164
1652429571.7946916 165
1652429571.8425636 166
1652429571.8904657 167
1652429571.9542894 168
1652429572.0021615 169
1652429572.050009 170
1652429572.097881 171
1652429572.1477475 172
1652429572.1946218 173
1652429572.242494 174
1652429572.3063576 175
1652429572.354196 176
1652429572.4020915 177
1652429572.449939 178
1652429572.4978118 179
1652429572.5466795 180
1652429572.5945768 181
1652429572.6584055 182
1652429572.7062907 183
1652429572.754157 184
1652429572.802022 185
1652429572.849869 186
1652429572.898738 187
1652429572.9466097 188
1652429573.0104396 189
1652429573.058312 190
1652429573.1061823 191
1652429573.1540558 192
1652429573.2019274 193
1652429573.2497997 194
1652429573.2976706 195
1652429573.3625524 196
1652429573.4104009 197
1652429573.4582777 198
1652429573.5061584 199
1652429573.5539854 200
1652429573.6018574 201
1652429573.6507273 202
1652429573.698599 203
1652429573.762428 204
1652429573.810301 205
1652429573.8581717 206
1652429573.9060433 207
1652429573.9539154 208
1652429574.001786 209
1652429574.0506556 210
1652429574.1144848 211
1652429574.162357 212
1652429574.2102616 213
1652429574.2581317 214
1652429574.3059735 215
1652429574.353846 216
1652429574.4017477 217
1652429574.466575 218
1652429574.5144453 219
1652429574.562289 220
1652429574.6101918 221
1652429574.658063 222
1652429574.7059033 223
1652429574.7547736 224
1652429574.8186028 225
1652429574.8665044 226
1652429574.9143753 227
1652429574.9622188 228
1652429575.01012 229
1652429575.0579615 230
1652429575.1058357 231
1652429575.1706595 232
1652429575.2185624 233
1652429575.2664292 234
1652429575.3143125 235
1652429575.3621778 236
1652429575.41002 237
1652429575.4578917 238
1652429575.5067601 239
1652429575.5705922 240
1652429575.6184862 241
1652429575.666333 242
1652429575.7142048 243
1652429575.7620766 244
1652429575.8099496 245
1652429575.8588383 246
1652429575.9226475 247
1652429575.9705493 248
1652429576.0184212 249
1652429576.066298 250
1652429576.114136 251
1652429576.162008 252
1652429576.20988 253
1652429576.2747056 254
1652429576.3226025 255
1652429576.3704796 256
1652429576.4183576 257
1652429576.4661934 258
1652429576.5140913 259
1652429576.5619378 260
1652429576.6257808 261
1652429576.6746368 262
1652429576.7225487 263
1652429576.7704082 264
1652429576.8182878 265
1652429576.8661544 266
1652429576.9139957 267
1652429576.9778259 268
1652429577.0266938 269
1652429577.0745976 270
1652429577.1224735 271
1652429577.170334 272
1652429577.218209 273
1652429577.2660859 274
1652429577.329883 275
1652429577.3787532 276
1652429577.426654 277
1652429577.4745276 278
1652429577.5223672 279
1652429577.570268 280
1652429577.6181366 281
1652429577.6659846 282
1652429577.7308123 283
1652429577.778682 284
1652429577.8265843 285
1652429577.874462 286
1652429577.9223344 287
1652429577.9702044 288
1652429578.018067 289
1652429578.0818713 290
1652429578.1307414 291
1652429578.178614 292
1652429578.2265146 293
1652429578.2743845 294
1652429578.322265 295
1652429578.3701298 296
1652429578.4339294 297
1652429578.481802 298
1652429578.5306711 299
1652429578.5785427 300
1652429578.6264148 301
1652429578.6743171 302
1652429578.7221916 303
1652429578.7859876 304
1652429578.8338602 305
1652429578.881756 306
1652429578.9306 307
1652429578.9785116 308
1652429579.026374 309
1652429579.074243 310
1652429579.1380713 311
1652429579.1859176 312
1652429579.2338014 313
1652429579.2826676 314
1652429579.3305597 315
1652429579.378427 316
1652429579.4263046 317
1652429579.4741843 318
1652429579.5379758 319
1652429579.5858564 320
1652429579.6337192 321
1652429579.682621 322
1652429579.7304606 323
1652429579.7783608 324
1652429579.827205 325
1652429579.8900635 326
1652429579.9379056 327
1652429579.9857779 328
1652429580.034646 329
1652429580.0825486 330
1652429580.130431 331
1652429580.1782875 332
1652429580.2421162 333
1652429580.2899637 334
1652429580.3378363 335
1652429580.3867302 336
1652429580.434577 337
1652429580.4824727 338
1652429580.5303528 339
1652429580.5941498 340
1652429580.6430192 341
1652429580.6898937 342
1652429580.7387629 343
1652429580.7866573 344
1652429580.834541 345
1652429580.8824034 346
1652429580.946207 347
1652429580.9940789 348
1652429581.041951 349
1652429581.08983 350
1652429581.1386967 351
1652429581.186597 352
1652429581.2344728 353
1652429581.2982907 354
1652429581.3461623 355
1652429581.3940396 356
1652429581.441882 357
1652429581.4897783 358
1652429581.5386236 359
1652429581.5864954 360
1652429581.6343672 361
1652429581.6981964 362
1652429581.7460673 363
1652429581.7939389 364
1652429581.841811 365
1652429581.8906877 366
1652429581.9385831 367
1652429581.98645 368
1652429582.050289 369
1652429582.0981262 370
1652429582.1459975 371
1652429582.1938705 372
1652429582.242758 373
1652429582.2906466 374
1652429582.3385196 375
1652429582.4023128 376
1652429582.4501843 377
1652429582.4980564 378
1652429582.5459275 379
1652429582.5938013 380
1652429582.642704 381
1652429582.6905406 382
1652429582.7544053 383
1652429582.8022418 384
1652429582.8501146 385
1652429582.8980162 386
1652429582.9458585 387
1652429582.9947278 388
1652429583.0426314 389
1652429583.106459 390
1652429583.15434 391
1652429583.202204 392
1652429583.250069 393
1652429583.2979164 394
1652429583.3467925 395
1652429583.3946579 396
1652429583.4425297 397
1652429583.506359 398
1652429583.5543349 399
1652429583.602209 400
